0.010000
0.012553
0.015739
0.019707
0.024630
0.030716
0.038202
0.047352
0.058455
0.071802
0.087670
0.106282
0.127768
0.152108
0.179084
0.208237
0.238857
0.270007
0.300589
0.329454
0.355520
0.377890
0.395929
0.409303
0.417965
0.422115
0.422131
0.418506
0.411786
0.402524
0.391244
0.378426
0.364491
0.349799
0.334654
0.319305
0.303952
0.288756
0.273840
0.259299
0.245204
0.231606
0.218537
0.206021
0.194066
0.182676
0.171846
0.161568
0.151828
0.142611
0.133901
0.125676
0.117918
0.110606
0.103720
0.097239
0.091142
0.085411
0.080025
0.074966
0.070217
0.065758
0.061575
0.057652
0.053972
0.050522
0.047288
0.044258
0.041418
0.038758
0.036266
0.033932
0.031747
0.029701
0.027785
0.025992
0.024313
0.022742
0.021272
0.019896
0.018608
0.017403
0.016276
0.015222
0.014235
0.013312
0.012449
0.011641
0.010886
0.010179
0.009518
0.008900
0.008322
0.007782
0.007276
0.006803
0.006361
0.005948
0.005561
0.005200
