0.000000
0.000810
0.001827
0.003100
0.004693
0.006682
0.009159
0.012235
0.016039
0.020724
0.026461
0.033441
0.041866
0.051946
0.063879
0.077841
0.093963
0.112321
0.132912
0.155654
0.180385
0.206867
0.234810
0.263887
0.293759
0.324091
0.354571
0.384917
0.414887
0.444277
0.472922
0.500696
0.527503
0.553274
0.577968
0.601560
0.624044
0.645424
0.665718
0.684948
0.703145
0.720343
0.736579
0.751892
0.766321
0.779909
0.792695
0.804719
0.816022
0.826641
0.836613
0.845974
0.854759
0.863001
0.870730
0.877977
0.884771
0.891138
0.897104
0.902693
0.907929
0.912833
0.917425
0.921724
0.925750
0.929518
0.933045
0.936347
0.939436
0.942327
0.945033
0.947564
0.949933
0.952149
0.954222
0.956161
0.957975
0.959672
0.961259
0.962744
0.964133
0.965431
0.966646
0.967782
0.968844
0.969837
0.970766
0.971635
0.972447
0.973207
0.973917
0.974581
0.975203
0.975783
0.976326
0.976834
0.977309
0.977753
0.978168
0.978556
