0.990000
0.986637
0.982434
0.977193
0.970677
0.962602
0.952639
0.940413
0.925506
0.907474
0.885870
0.860277
0.830365
0.795945
0.757037
0.713922
0.667179
0.617672
0.566499
0.514892
0.464095
0.415243
0.369261
0.326810
0.288276
0.253794
0.223298
0.196577
0.173327
0.153200
0.135834
0.120878
0.108007
0.096927
0.087378
0.079135
0.072004
0.065820
0.060442
0.055753
0.051650
0.048051
0.044884
0.042088
0.039613
0.037416
0.035459
0.033713
0.032150
0.030748
0.029486
0.028350
0.027323
0.026393
0.025550
0.024784
0.024087
0.023451
0.022871
0.022340
0.021854
0.021409
0.021000
0.020624
0.020278
0.019960
0.019666
0.019396
0.019146
0.018915
0.018701
0.018503
0.018320
0.018150
0.017993
0.017847
0.017711
0.017586
0.017469
0.017360
0.017259
0.017165
0.017078
0.016997
0.016921
0.016851
0.016785
0.016724
0.016667
0.016614
0.016564
0.016518
0.016475
0.016435
0.016398
0.016363
0.016330
0.016300
0.016271
0.016245
