0.000000
1.010101
2.020202
3.030303
4.040404
5.050505
6.060606
7.070707
8.080808
9.090909
10.101010
11.111111
12.121212
13.131313
14.141414
15.151515
16.161616
17.171717
18.181818
19.191919
20.202020
21.212121
22.222222
23.232323
24.242424
25.252525
26.262626
27.272727
28.282828
29.292929
30.303030
31.313131
32.323232
33.333333
34.343434
35.353535
36.363636
37.373737
38.383838
39.393939
40.404040
41.414141
42.424242
43.434343
44.444444
45.454545
46.464646
47.474747
48.484848
49.494949
50.505051
51.515152
52.525253
53.535354
54.545455
55.555556
56.565657
57.575758
58.585859
59.595960
60.606061
61.616162
62.626263
63.636364
64.646465
65.656566
66.666667
67.676768
68.686869
69.696970
70.707071
71.717172
72.727273
73.737374
74.747475
75.757576
76.767677
77.777778
78.787879
79.797980
80.808081
81.818182
82.828283
83.838384
84.848485
85.858586
86.868687
87.878788
88.888889
89.898990
90.909091
91.919192
92.929293
93.939394
94.949495
95.959596
96.969697
97.979798
98.989899
100.000000
